May 12, 2021
01
19
20
38
54
17

May 08, 2021
12
17
20
21
26
08

May 05, 2021
16
23
28
40
63
01

May 01, 2021
35
36
47
61
63
03

Apr 28, 2021
16
18
35
39
53
21

Apr 24, 2021
22
36
48
59
61
22

Apr 21, 2021
21
25
32
63
67
06

Apr 17, 2021
10
21
26
41
49
25

Apr 14, 2021
13
30
33
45
61
14

Apr 10, 2021
14
16
23
50
53
03

Feb 27, 2021
02
28
31
44
52
18

Feb 24, 2021
04
33
43
53
65
21

Feb 20, 2021
04
08
22
32
58
04

Feb 17, 2021
01
15
21
32
46
01

Feb 13, 2021
20
28
33
63
68
20

Feb 10, 2021
15
39
58
63
67
07

Feb 6, 2021
01
16
48
49
65
08

Feb 3, 2021
05
37
40
64
66
05

Jan 30, 2021
01
02
07
52
61
04

Jan 27, 2021
17
33
35
42
52
09

Jan 23, 2021
05
08
17
27
28
14

Jan 20, 2021
40
53
60
68
69
22

Jan 16, 2021
14
20
39
65
67
02

Jan 13, 2021
04
19
23
25
49
14

Jan 9, 2021
14
26
38
45
46
13

Jan 6, 2021
01
20
22
60
66
03

Jan 2, 2021
03
04
11
41
67
05

Dec 30, 2020
03
43
45
61
65
14

Dec 26, 2020
10
24
27
35
53
18

Dec 23, 2020
06
13
38
39
53
06

Dec 19, 2020
27
32
34
43
52
13

Dec 16, 2020
04
23
37
61
67
07

Dec 12, 2020
17
54
56
63
69
20

Dec 9, 2020
11
14
31
47
48
04

Dec 5, 2020
03
04
06
48
53
10

Dec 2, 2020
28
31
40
41
46
04

Nov 28, 2020
08
12
18
44
51
18

Nov 25, 2020
02
57
58
60
65
26

Nov 21, 2020
51
54
57
60
69
11

Nov 18, 2020
04
05
17
43
52
05

Nov 14, 2020
07
15
18
32
45
20

Nov 11, 2020
13
15
17
45
63
13

Nov 7, 2020
14
16
37
48
58
18

Nov 4, 2020
23
32
33
45
49
14

Oct 31, 2020
02
06
40
42
55
24

Oct 28, 2020
11
28
37
40
53
13

Oct 24, 2020
18
20
27
45
65
06

Oct 21, 2020
01
03
13
44
56
26

Oct 17, 2020
06
10
31
37
44
23

Oct 14, 2020
21
37
52
53
58
05

Oct 10, 2020
05
18
23
40
50
18

Oct 7, 2020
06
24
30
53
56
19

Oct 3, 2020
18
31
36
43
47
20

Sep 30, 2020
14
18
36
49
67
18

Sep 26, 2020
11
21
27
36
62
24

Sep 23, 2020
08
17
49
52
59
01

Sep 19, 2020
11
14
23
47
57
14

Sep 16, 2020
10
17
31
51
53
01

Sep 12, 2020
16
17
20
53
67
04

Sep 9, 2020
27
52
55
60
64
21

Sep 5, 2020
15
21
22
27
47
07

Sep 2, 2020
01
04
11
20
69
18

Aug 29, 2020
05
21
22
29
43
10

Aug 26, 2020
08
12
19
47
58
02

Aug 22, 2020
19
30
36
42
66
14

Aug 19, 2020
13
23
47
55
58
23

Aug 15, 2020
05
12
34
45
56
03

Aug 12, 2020
02
06
18
36
37
21

Aug 8, 2020
02
03
14
40
51
24

Aug 5, 2020
07
14
17
57
65
24

Aug 1, 2020
06
25
36
43
48
24

Jul 29, 2020
07
29
35
40
45
26

Jul 29, 2020
07
29
35
40
45
26

Jul 25, 2020
05
21
36
61
62
18

Jul 25, 2020
05
21
36
61
62
18

Jul 25, 2020
05
21
36
61
62
18

Jul 25, 2020
05
21
36
61
62
18

Jul 22, 2020
16
25
36
44
55
14

Jul 18, 2020
13
16
32
58
59
09

Jul 15, 2020
27
47
61
62
69
04

Jul 11, 2020
14
19
61
62
64
04

Jul 11, 2020
14
19
61
62
64
04

Jul 11, 2020
14
19
61
62
64
04

Jul 8, 2020
03
10
34
36
62
05

Jul 4, 2020
16
21
27
60
61
06

Jul 1, 2020
15
28
52
53
63
18

Jun 27, 2020
09
36
49
56
62
08

Jun 24, 2020
15
22
27
33
46
23

Jun 20, 2020
10
31
41
63
67
05

Jun 17, 2020
07
10
63
64
68
10

Jun 13, 2020
02
12
32
50
65
05

Jun 10, 2020
10
33
41
52
54
18

Jun 6, 2020
01
17
38
68
69
18

Jun 3, 2020
01
03
26
41
64
17

May 30, 2020
13
32
41
58
60
14

May 27, 2020
38
58
59
64
68
21

May 23, 2020
02
08
18
21
23
16

May 23, 2020
02
08
18
21
23
16

May 20, 2020
18
34
40
42
50
09

May 16, 2020
08
12
26
39
42
11

May 13, 2020
39
53
54
56
57
20

May 9, 2020
12
18
42
48
65
19

May 6, 2020
07
08
35
50
65
20

May 2, 2020
13
16
33
58
68
24

Apr 29, 2020
02
20
49
61
67
20

Apr 25, 2020
01
03
21
47
57
18

Apr 22, 2020
01
33
35
40
69
24

Apr 18, 2020
04
44
46
56
63
19

Apr 15, 2020
10
12
33
36
41
02

Apr 11, 2020
22
29
30
42
47
17

Apr 8, 2020
02
37
39
48
54
05

Apr 4, 2020
08
31
39
40
43
04

Apr 1, 2020
33
35
45
48
60
16

Mar 28, 2020
07
40
48
55
66
11

Mar 25, 2020
05
09
27
39
42
16

Mar 21, 2020
02
23
40
59
69
13

Mar 18, 2020
15
27
44
59
63
08

Mar 14, 2020
09
23
26
30
32
08

Mar 11, 2020
04
29
49
50
67
02

Mar 7, 2020
07
15
21
33
62
23

Mar 4, 2020
18
43
58
60
68
14

Feb 29, 2020
24
44
46
50
51
13

Feb 26, 2020
08
27
29
36
47
24

Feb 22, 2020
25
37
39
61
62
11

Feb 19, 2020
10
12
15
19
56
19

Feb 15, 2020
16
32
35
36
46
03

Feb 12, 2020
14
47
54
55
68
25

Dec 28, 2019
20
23
39
59
60
18

Dec 25, 2019
02
04
16
30
46
20

Dec 21, 2019
19
31
35
50
67
14

Dec 18, 2019
14
18
26
39
68
09

Dec 14, 2019
03
06
12
32
64
19

Dec 11, 2019
24
29
42
44
63
10

Dec 7, 2019
18
42
53
62
66
25

Dec 4, 2019
08
27
44
51
61
14

Nov 30, 2019
15
35
42
63
68
18

Nov 27, 2019
15
26
37
53
55
21

Nov 23, 2019
28
35
38
61
66
23

Nov 20, 2019
07
15
39
40
57
12

Nov 16, 2019
14
22
26
55
63
26

Nov 13, 2019
23
26
27
28
66
11

Nov 9, 2019
14
17
35
38
60
25

Nov 6, 2019
15
28
46
62
64
17

Nov 2, 2019
03
23
32
37
58
22

Oct 30, 2019
19
22
52
56
67
21

Oct 26, 2019
03
20
48
54
59
04

Oct 23, 2019
05
12
50
61
69
23

Oct 19, 2019
14
27
29
59
65
12

Oct 16, 2019
01
05
25
63
67
03

Oct 12, 2019
12
29
34
53
65
23

Oct 9, 2019
05
18
33
43
65
02

Oct 5, 2019
06
14
36
51
54
04

Oct 2, 2019
04
08
10
43
53
07

Sep 28, 2019
15
23
34
51
55
04

Sep 25, 2019
37
43
44
45
53
25

Sep 21, 2019
01
09
22
36
68
22

Sep 18, 2019
14
19
39
47
51
15

Sep 14, 2019
11
27
31
36
67
11

Sep 11, 2019
06
17
24
53
57
03

Sep 7, 2019
11
20
41
42
56
06

Sep 4, 2019
04
08
30
52
59
02

Aug 31, 2019
14
41
50
56
57
18

Aug 28, 2019
09
32
37
41
56
14

Aug 24, 2019
05
12
20
21
47
01

Aug 21, 2019
12
21
22
29
32
21

Aug 17, 2019
18
21
24
30
60
20

Aug 14, 2019
10
13
30
51
69
10

Aug 10, 2019
35
41
44
58
59
03

Aug 7, 2019
08
32
47
53
59
03

Aug 3, 2019
03
06
45
66
68
13

Jul 31, 2019
14
37
47
55
67
06

Jul 27, 2019
01
19
31
48
61
06

Jul 24, 2019
22
29
35
53
56
13

Jul 20, 2019
05
26
36
64
69
19

Jul 17, 2019
19
43
47
60
68
10

Jul 13, 2019
13
23
32
35
68
21

Jul 10, 2019
07
09
26
44
68
03

Jul 6, 2019
04
08
23
46
65
01

Jul 3, 2019
40
43
45
50
61
25

Jun 29, 2019
13
17
24
59
62
08

Jun 26, 2019
01
05
16
22
54
24

Jun 22, 2019
03
06
11
14
66
21

Jun 19, 2019
04
18
21
26
38
01

Jun 15, 2019
08
11
14
16
49
14

Jun 12, 2019
05
35
38
42
57
13

Jun 8, 2019
09
13
42
48
60
18

Jun 5, 2019
17
23
28
34
38
08

Jun 1, 2019
06
15
34
45
52
08

May 29, 2019
03
32
34
42
61
07

May 25, 2019
01
02
39
43
66
02

May 22, 2019
07
10
20
44
57
03

May 18, 2019
02
10
25
66
67
26

May 15, 2019
07
17
33
61
68
04

May 11, 2019
06
08
09
37
40
26

May 8, 2019
01
45
53
64
66
03

May 4, 2019
06
16
23
30
61
02

May 1, 2019
05
23
28
56
66
17

Apr 27, 2019
02
29
41
45
62
06

Apr 24, 2019
06
32
35
36
65
04

Apr 20, 2019
03
27
30
63
65
01

Apr 17, 2019
01
15
17
46
66
15

Apr 13, 2019
04
17
26
32
49
10

Apr 10, 2019
12
21
23
39
67
06

Apr 6, 2019
15
33
43
59
60
08

Apr 3, 2019
16
19
25
32
49
18

Mar 30, 2019
21
52
54
64
68
04

Mar 27, 2019
16
20
37
44
62
12

Mar 23, 2019
24
25
52
60
66
05

Mar 20, 2019
10
14
50
53
63
21

Mar 16, 2019
30
34
39
53
67
11

Mar 13, 2019
18
36
45
47
69
14

Mar 9, 2019
05
06
45
55
59
14

Mar 6, 2019
06
10
21
35
46
23

Mar 2, 2019
01
19
25
27
68
21

Feb 27, 2019
21
31
42
49
59
23

Feb 23, 2019
04
06
14
20
32
13

Feb 20, 2019
27
49
50
51
52
02

Feb 16, 2019
29
30
41
48
64
01

Feb 13, 2019
02
08
14
24
69
26

Feb 9, 2019
01
02
03
07
39
25

Feb 6, 2019
05
13
28
38
63
21

Feb 2, 2019
10
17
18
43
65
13

Jan 30, 2019
02
12
16
29
54
06

Jan 26, 2019
08
12
20
21
32
10

Jan 23, 2019
23
25
47
48
50
24

Jan 19, 2019
05
08
41
65
66
20

Jan 16, 2019
14
29
31
56
61
01

Dec 29, 2018
12
42
51
53
62
25

Dec 26, 2018
05
25
38
52
67
24

Dec 22, 2018
21
28
30
40
59
26

Dec 19, 2018
15
29
31
37
43
16

Dec 15, 2018
08
38
43
52
55
17

Dec 12, 2018
04
09
21
29
64
26

Dec 8, 2018
14
32
34
46
61
10

Dec 5, 2018
09
11
36
37
38
11

Dec 1, 2018
10
11
47
55
58
26

Nov 28, 2018
04
19
59
68
69
21

Nov 24, 2018
11
33
51
56
58
18

Nov 21, 2018
07
14
23
38
55
18

Nov 17, 2018
06
08
20
52
68
05

Nov 14, 2018
07
42
49
62
69
23

Nov 10, 2018
05
29
34
53
57
24

Nov 7, 2018
26
28
34
42
50
25

Nov 3, 2018
15
21
24
32
65
11

Oct 31, 2018
07
25
39
40
47
20

Oct 27, 2018
08
12
13
19
27
04

Oct 24, 2018
03
21
45
53
56
22

Oct 20, 2018
16
54
57
62
69
23

Oct 17, 2018
03
57
64
68
69
15

Oct 13, 2018
11
14
32
43
65
15

Oct 10, 2018
08
23
27
42
60
07

Oct 6, 2018
01
22
27
53
67
15

Oct 3, 2018
41
53
59
63
66
03

Sep 29, 2018
09
17
34
59
64
22

Sep 26, 2018
01
02
07
30
50
08

Sep 22, 2018
24
61
63
64
69
18

Sep 19, 2018
04
39
48
50
51
11

Sep 15, 2018
02
18
19
24
34
03

Sep 12, 2018
06
28
48
63
64
24

Sep 8, 2018
03
13
20
32
33
21

Sep 5, 2018
06
15
50
59
60
13

Sep 1, 2018
11
54
55
61
66
09

Aug 29, 2018
25
41
53
57
67
12

Aug 25, 2018
20
25
54
57
63
08

Aug 22, 2018
01
07
45
47
69
13

Aug 18, 2018
24
34
52
61
67
16

Aug 15, 2018
12
15
28
47
48
16

Aug 11, 2018
05
43
56
62
68
24

Aug 8, 2018
10
21
30
43
63
17

Aug 4, 2018
03
11
38
44
58
02

Aug 1, 2018
05
22
32
38
58
26

Jul 28, 2018
22
27
46
56
65
13

Jul 25, 2018
02
18
41
44
64
26

Jul 21, 2018
09
23
56
58
68
01

Jul 18, 2018
01
10
27
28
36
12

Jul 14, 2018
22
41
42
49
67
11

Jul 11, 2018
19
21
27
46
47
07

Jul 7, 2018
01
10
43
45
64
22

Jul 4, 2018
04
07
15
41
44
10

Jun 30, 2018
03
09
20
42
61
24

Jun 27, 2018
07
28
37
62
63
15

Jun 23, 2018
16
29
43
45
56
25

Jun 20, 2018
04
14
23
27
56
13

Jun 16, 2018
09
45
57
58
65
09

Jun 13, 2018
13
20
38
45
55
01

Jun 9, 2018
06
10
15
25
36
14

Jun 6, 2018
23
28
41
53
56
14

Jun 2, 2018
23
25
37
44
64
07

May 30, 2018
17
23
26
46
68
20

May 26, 2018
01
21
31
45
49
21

May 23, 2018
20
54
56
61
64
07

May 19, 2018
03
06
09
17
56
25

May 16, 2018
17
19
21
22
51
19

May 12, 2018
22
42
45
55
56
14

May 9, 2018
11
16
38
50
69
19

May 5, 2018
14
29
36
57
61
17

May 2, 2018
05
14
31
40
50
06

Apr 28, 2018
20
22
28
45
50
08

Apr 25, 2018
17
18
39
56
64
12

Apr 21, 2018
40
50
54
62
69
19

Apr 18, 2018
09
10
12
17
23
09

Apr 14, 2018
17
19
26
61
62
15

Apr 11, 2018
16
18
27
55
67
18

Apr 7, 2018
02
17
20
38
39
20

Apr 4, 2018
08
24
42
54
64
24

Mar 31, 2018
08
24
52
55
61
21

Mar 28, 2018
06
08
26
52
53
21

Mar 24, 2018
10
33
45
53
56
24

Mar 21, 2018
03
04
18
29
61
25

Mar 17, 2018
22
57
59
60
66
07

Mar 14, 2018
06
12
24
41
68
09

Mar 10, 2018
43
44
54
61
69
22

Mar 7, 2018
06
13
19
36
51
18

Mar 3, 2018
13
17
25
36
40
5

Feb 28, 2018
12
30
59
65
69
16

Feb 24, 2018
24
25
38
62
63
6

Feb 21, 2018
7
15
31
34
36
8

Feb 17, 2018
13
26
39
44
62
2

Feb 14, 2018
37
39
44
46
69
26

Feb 10, 2018
1
13
27
41
59
20

Feb 7, 2018
23
34
35
40
47
10

Feb 3, 2018
15
23
27
48
53
6

Jan 31, 2018
4
7
14
46
59
22

Jan 27, 2018
17
21
26
47
54
7

Jan 24, 2018
5
9
11
33
64
21

Jan 20, 2018
26
28
47
49
58
3

Jan 17, 2018
3
33
37
51
57
21

Dec 30, 2017
28
36
41
51
58
24

Dec 27, 2017
3
9
16
56
60
3

Dec 23, 2017
1
3
13
15
44
25

Dec 20, 2017
1
20
61
64
69
20

Dec 16, 2017
9
35
37
50
63
11

Dec 13, 2017
2
24
28
51
58
7

Dec 9, 2017
25
36
37
55
60
6

Dec 6, 2017
19
20
50
55
62
9

Dec 2, 2017
28
30
32
36
58
6

Nov 29, 2017
24
26
28
59
63
16

Nov 25, 2017
8
13
27
53
54
4

Nov 22, 2017
35
37
46
51
61
13

Nov 18, 2017
17
28
31
32
39
26

Nov 15, 2017
23
32
44
48
50
25

Nov 11, 2017
4
6
16
30
56
18

Nov 8, 2017
12
14
20
21
34
22

Nov 4, 2017
12
14
26
48
51
13

Nov 1, 2017
3
6
19
26
44
1

Oct 28, 2017
27
35
38
57
66
10

Oct 25, 2017
18
22
29
54
57
8

Oct 21, 2017
14
41
42
45
69
4

Oct 18, 2017
30
49
54
66
69
8

Oct 14, 2017
32
37
56
66
69
11

Oct 11, 2017
1
3
13
19
69
23

Oct 7, 2017
10
49
61
63
65
7

Oct 4, 2017
22
23
62
63
66
24

Sep 30, 2017
8
12
25
41
64
15

Sep 27, 2017
8
10
21
23
25
22

Sep 23, 2017
24
45
55
56
57
19

Sep 20, 2017
39
48
53
67
68
26

Sep 16, 2017
17
18
24
25
31
24

Sep 13, 2017
17
24
35
57
63
19

Sep 9, 2017
6
20
29
57
59
22

Sep 6, 2017
8
14
32
58
67
17

Sep 2, 2017
6
21
41
52
62
26

Aug 30, 2017
19
28
43
67
69
7

Aug 26, 2017
7
15
32
38
66
15

Aug 23, 2017
6
7
16
23
26
4

Aug 19, 2017
17
19
39
43
68
13

Aug 16, 2017
9
15
43
60
64
4

Aug 12, 2017
20
24
26
35
49
19

Aug 9, 2017
12
30
36
47
62
9

Aug 5, 2017
11
21
28
33
45
11

Aug 2, 2017
1
16
54
63
69
18

Jul 29, 2017
1
28
40
45
48
12

Jul 26, 2017
7
19
21
42
69
12

Jul 22, 2017
5
32
44
53
60
9

Jul 19, 2017
50
51
59
61
63
4

Jul 15, 2017
9
40
63
64
66
17

Jul 12, 2017
1
2
18
23
61
9

Jul 8, 2017
8
10
29
40
59
26

Jul 5, 2017
4
9
16
54
68
21

Jul 1, 2017
19
42
45
48
53
16

Jun 28, 2017
29
37
46
53
68
8

Jun 24, 2017
10
22
32
36
58
10

Jun 21, 2017
14
46
61
65
68
13

Jun 17, 2017
10
13
32
53
62
21

Jun 14, 2017
5
22
43
57
63
24

Jun 10, 2017
20
26
32
38
58
3

Jun 7, 2017
5
21
57
66
69
13

Jun 3, 2017
3
9
21
41
54
25

May 31, 2017
4
33
39
46
60
6

May 27, 2017
5
10
28
55
67
9

May 24, 2017
28
32
33
38
62
15

May 20, 2017
5
22
45
47
54
3

May 17, 2017
4
11
39
45
48
9

May 13, 2017
17
20
32
63
68
19

May 10, 2017
29
31
46
56
62
8

May 6, 2017
11
21
31
41
59
21

May 3, 2017
17
18
49
59
66
9

Apr 29, 2017
22
23
24
45
62
5

Apr 26, 2017
1
15
18
26
51
26

Apr 22, 2017
21
39
41
48
63
6

Apr 19, 2017
1
19
37
40
52
15

Apr 15, 2017
5
22
26
45
61
13

Apr 12, 2017
8
14
61
63
68
24

Apr 8, 2017
23
36
51
53
60
15

Apr 5, 2017
8
20
46
53
54
13

Apr 1, 2017
9
32
36
44
65
1

Mar 29, 2017
8
15
31
36
62
11

Mar 25, 2017
18
31
32
45
48
16

Mar 22, 2017
2
9
27
29
42
9

Mar 18, 2017
13
25
44
54
67
5

Mar 15, 2017
16
30
41
48
53
16

Mar 11, 2017
1
26
41
50
57
11

Mar 8, 2017
23
33
42
46
59
4

Mar 4, 2017
2
18
19
22
63
19

Mar 1, 2017
10
16
40
52
55
17

Feb 25, 2017
6
32
47
62
65
19

Feb 22, 2017
10
13
28
52
61
2

Feb 18, 2017
3
7
9
31
33
20

Feb 15, 2017
5
28
33
38
42
19

Feb 11, 2017
5
9
17
37
64
2

Feb 8, 2017
14
20
42
49
66
5

Feb 4, 2017
6
13
16
17
52
25

Feb 1, 2017
9
43
57
60
64
10

Jan 28, 2017
12
20
39
49
69
17

Jan 25, 2017
18
28
62
66
68
22

Jan 21, 2017
23
25
45
52
67
2

Jan 18, 2017
9
40
41
53
58
12

Dec 31, 2016
1
3
28
57
67
9

Dec 28, 2016
16
23
30
44
58
4

Dec 24, 2016
28
38
42
51
52
21

Dec 21, 2016
25
33
40
54
68
3

Dec 17, 2016
1
8
16
40
48
10

Dec 14, 2016
18
26
37
39
66
15

Dec 10, 2016
12
21
32
44
66
15

Dec 7, 2016
41
48
49
53
64
20

Dec 3, 2016
8
10
26
27
33
22

Nov 30, 2016
3
14
18
25
45
7

Nov 26, 2016
17
19
21
37
44
16

Nov 23, 2016
7
32
41
47
61
3

Nov 19, 2016
16
24
28
43
61
21

Nov 16, 2016
28
41
61
63
65
7

Nov 12, 2016
8
17
20
27
52
24

Nov 9, 2016
1
25
28
31
54
2

Nov 5, 2016
21
31
50
51
69
8

Nov 2, 2016
13
18
37
54
61
5

Oct 29, 2016
19
20
21
42
48
23

Oct 26, 2016
2
3
16
48
56
24

Oct 22, 2016
1
28
33
55
56
22

Oct 19, 2016
10
16
38
43
63
23

Oct 15, 2016
23
49
57
64
67
20

Oct 12, 2016
16
30
34
37
44
16

Oct 8, 2016
3
54
61
64
68
9

Oct 5, 2016
8
18
27
29
60
15

Oct 1, 2016
2
12
50
61
64
1

Sep 28, 2016
30
38
52
53
62
1

Sep 24, 2016
7
15
20
29
41
22

Sep 21, 2016
1
28
63
67
69
17

Sep 17, 2016
9
19
51
55
62
14

Sep 14, 2016
10
11
23
28
31
14

Sep 10, 2016
3
17
49
55
68
8

Sep 7, 2016
22
23
29
33
55
21

Sep 3, 2016
7
39
50
59
67
25

Aug 31, 2016
5
10
24
56
61
12

Aug 27, 2016
4
32
48
49
63
20

Aug 24, 2016
9
11
25
64
65
16

Aug 20, 2016
3
6
21
60
68
24

Aug 17, 2016
33
44
49
50
52
8

Aug 13, 2016
38
44
60
64
69
6

Aug 10, 2016
23
56
61
64
67
12

Aug 6, 2016
20
33
36
47
52
12

Aug 3, 2016
9
11
27
66
67
2

Jul 30, 2016
11
17
21
23
32
5

Jul 27, 2016
10
47
50
65
68
24

Jul 23, 2016
5
7
23
35
39
11

Jul 20, 2016
6
25
35
58
66
5

Jul 16, 2016
11
17
40
50
62
26

Jul 13, 2016
3
15
29
54
57
10

Jul 9, 2016
10
28
32
61
64
12

Jul 6, 2016
2
24
31
57
66
18

Jul 2, 2016
10
34
39
59
63
4

Jun 29, 2016
23
29
37
60
64
6

Jun 25, 2016
3
27
36
56
69
25

Jun 22, 2016
14
40
42
43
52
17

Jun 18, 2016
2
23
41
53
63
11

Jun 15, 2016
4
22
24
31
33
10

Jun 11, 2016
20
27
36
41
58
7

Jun 8, 2016
12
25
37
60
69
20

Jun 4, 2016
16
20
22
43
64
17

Jun 1, 2016
23
30
33
40
69
12

May 28, 2016
6
33
34
58
59
12

May 25, 2016
11
24
41
59
64
15

May 21, 2016
5
7
9
23
32
26

May 18, 2016
23
25
39
54
67
11

May 14, 2016
13
27
47
64
65
9

May 11, 2016
20
32
52
66
69
23

May 7, 2016
5
25
26
44
66
9

May 4, 2016
30
47
57
66
69
3

Apr 30, 2016
3
12
16
32
34
14

Apr 27, 2016
2
25
33
39
64
17

Apr 23, 2016
19
35
46
59
62
13

Apr 20, 2016
12
25
30
52
62
8

Apr 16, 2016
3
18
25
32
51
3

Apr 13, 2016
30
33
35
38
64
22

Apr 9, 2016
14
22
23
41
61
9

Apr 6, 2016
4
28
49
60
65
25

Apr 2, 2016
9
28
30
40
61
3

Mar 30, 2016
24
44
53
55
63
19

Mar 26, 2016
11
23
42
52
68
6

Mar 23, 2016
5
8
15
22
49
25

Mar 19, 2016
11
23
43
54
60
3

Mar 16, 2016
10
12
13
46
50
21

Mar 12, 2016
11
28
50
57
62
23

Mar 9, 2016
14
23
32
34
68
3

Mar 5, 2016
3
27
34
59
69
19

Mar 2, 2016
12
13
44
52
62
6

Feb 27, 2016
10
11
21
22
53
18

Feb 24, 2016
21
31
64
65
67
5

Feb 20, 2016
11
12
15
16
54
25

Feb 17, 2016
7
17
27
29
40
25

Feb 13, 2016
7
15
18
19
36
20

Feb 10, 2016
2
3
40
50
62
5

Feb 6, 2016
4
13
31
36
52
8

Feb 3, 2016
26
28
31
60
67
23

Jan 30, 2016
5
12
16
31
43
18

Jan 27, 2016
3
12
40
52
67
21

Jan 23, 2016
22
32
34
40
69
19

Jan 20, 2016
5
39
44
47
69
24

Dec 30, 2015
12
36
38
54
61
22

Dec 26, 2015
27
40
44
59
65
20

Dec 23, 2015
16
38
55
63
67
25

Dec 19, 2015
28
30
41
59
68
10

Dec 16, 2015
9
10
32
42
55
6

Dec 12, 2015
2
14
19
30
62
22

Dec 9, 2015
7
10
16
46
56
1

Dec 5, 2015
13
27
33
47
68
13

Dec 2, 2015
14
18
19
32
64
9

Nov 28, 2015
2
6
47
66
67
2

Nov 25, 2015
16
29
53
58
69
21

Nov 21, 2015
37
47
50
52
57
21

Nov 18, 2015
17
40
41
46
69
6

Nov 14, 2015
14
22
37
45
66
5

Nov 11, 2015
4
26
32
55
64
18

Nov 7, 2015
7
16
25
50
53
15

Nov 4, 2015
2
12
17
20
65
17

Oct 31, 2015
9
20
25
47
68
7

Oct 28, 2015
4
54
56
62
63
10

Oct 24, 2015
20
31
56
60
64
2

Oct 21, 2015
30
32
42
56
57
11

Oct 17, 2015
48
49
57
62
69
19

Oct 14, 2015
15
20
29
31
40
1

Oct 10, 2015
12
27
29
43
68
1

Oct 7, 2015
18
30
40
48
52
9

Oct 3, 2015
6
26
33
44
46
4

Sep 30, 2015
21
39
40
55
59
17

Sep 26, 2015
23
31
42
50
57
5

Sep 23, 2015
8
29
41
51
58
5

Sep 19, 2015
12
17
26
43
48
24

Sep 16, 2015
5
7
24
31
39
7

Sep 12, 2015
2
3
13
16
35
27

Sep 9, 2015
44
45
47
50
51
8

Sep 5, 2015
10
16
18
29
45
19

Sep 2, 2015
17
22
30
46
56
16

Aug 29, 2015
18
21
25
28
29
16

Aug 26, 2015
2
22
32
45
56
12

Aug 22, 2015
4
12
14
21
55
7

Aug 19, 2015
6
8
43
48
50
7

Aug 15, 2015
3
13
17
42
52
24

Aug 12, 2015
8
13
29
38
52
28

Aug 8, 2015
9
34
48
52
54
15

Aug 5, 2015
9
11
14
16
42
19

Aug 1, 2015
7
13
24
49
57
15

Jul 29, 2015
4
22
27
28
52
35

Jul 25, 2015
27
29
34
41
44
2

Jul 22, 2015
12
31
43
44
57
11

Jul 18, 2015
6
37
39
45
55
33

Jul 15, 2015
13
16
34
45
50
11

Jul 11, 2015
11
39
46
52
54
3

Jul 8, 2015
4
15
25
27
30
18

Jul 4, 2015
3
6
14
18
24
21

Jul 1, 2015
7
24
26
31
41
25

Jun 27, 2015
18
28
35
46
49
27

Jun 24, 2015
3
5
10
22
32
7

Jun 20, 2015
9
10
16
20
57
15

Jun 17, 2015
20
21
22
41
54
7

Jun 13, 2015
29
41
48
52
54
29

Jun 10, 2015
31
32
48
49
53
25

Jun 6, 2015
8
13
18
27
43
15

Jun 3, 2015
6
8
13
37
40
11

May 30, 2015
8
9
25
56
57
22

May 27, 2015
8
15
34
53
59
23

May 23, 2015
9
15
17
31
43
16

May 20, 2015
1
12
28
35
44
25

May 16, 2015
24
29
38
48
52
32

May 13, 2015
1
25
29
31
47
7

May 9, 2015
4
15
17
35
58
17

May 6, 2015
23
24
27
39
41
30

May 2, 2015
2
6
11
30
31
33

Apr 29, 2015
1
26
34
38
51
6

Apr 25, 2015
21
33
35
38
45
12

Apr 22, 2015
10
14
25
39
53
18

Apr 18, 2015
13
22
23
29
31
17

Apr 15, 2015
1
16
21
29
40
30

Apr 11, 2015
1
12
32
42
58
12

Apr 8, 2015
1
19
45
46
58
29

Apr 4, 2015
33
39
40
41
54
28

Apr 1, 2015
2
30
33
39
44
1

Mar 28, 2015
2
4
6
12
38
17

Mar 25, 2015
7
19
23
50
54
14

Mar 21, 2015
11
16
30
38
42
7

Mar 18, 2015
14
25
30
33
47
8

Mar 14, 2015
8
14
39
46
47
18

Mar 11, 2015
11
24
31
40
44
27

Mar 7, 2015
34
36
38
42
50
33

Mar 4, 2015
8
12
15
35
50
32

Feb 28, 2015
11
17
25
28
46
12

Feb 25, 2015
17
19
21
32
39
8

Feb 21, 2015
10
14
18
34
51
26

Feb 18, 2015
1
9
29
32
49
22

Feb 14, 2015
1
24
44
45
51
28

Feb 11, 2015
11
13
25
39
54
19

Feb 7, 2015
5
10
21
34
58
33

Feb 4, 2015
24
36
51
52
56
22

Jan 31, 2015
5
11
16
26
50
34

Jan 28, 2015
12
24
35
36
49
1

Jan 24, 2015
16
19
20
29
33
10

Jan 21, 2015
11
12
15
28
57
23

Jan 17, 2015
15
16
23
27
36
9

Dec 31, 2014
17
27
37
40
53
35

Dec 27, 2014
7
10
11
14
36
15

Dec 24, 2014
11
12
46
47
50
22

Dec 20, 2014
14
15
19
31
56
5

Dec 17, 2014
22
31
38
47
48
15

Dec 13, 2014
5
13
28
43
55
33

Dec 10, 2014
34
44
48
54
55
10

Dec 6, 2014
12
15
22
43
49
14

Dec 3, 2014
25
30
32
46
54
26

Nov 29, 2014
13
24
30
42
48
27

Nov 26, 2014
16
17
22
46
54
35

Nov 22, 2014
23
49
53
54
57
35

Nov 19, 2014
6
36
38
48
51
17

Nov 15, 2014
13
16
33
35
51
28

Nov 12, 2014
37
39
51
52
55
11

Nov 8, 2014
9
19
33
38
54
15

Nov 5, 2014
2
11
19
21
42
34

Nov 1, 2014
1
3
13
25
38
17

Oct 29, 2014
25
28
48
57
59
16

Oct 25, 2014
6
10
51
54
57
12

Oct 22, 2014
29
30
40
42
50
16

Oct 18, 2014
20
26
27
36
54
19

Oct 15, 2014
5
7
19
27
28
20

Oct 11, 2014
10
19
37
38
39
28

Oct 8, 2014
5
16
31
46
50
18

Oct 4, 2014
13
18
24
25
33
31

Oct 1, 2014
1
4
18
20
45
7

Sep 27, 2014
2
11
35
52
54
13

Sep 24, 2014
7
14
21
24
41
26

Sep 20, 2014
22
23
30
37
39
16

Sep 17, 2014
18
25
36
48
50
23

Sep 13, 2014
1
6
16
37
53
27

Sep 10, 2014
2
14
39
40
43
13

Sep 6, 2014
9
29
31
43
50
18

Sep 3, 2014
2
16
43
45
51
35

Aug 30, 2014
5
28
31
52
59
27

Aug 27, 2014
17
24
26
45
46
19

Aug 23, 2014
28
32
35
36
52
31

Aug 20, 2014
4
8
21
38
40
3

Aug 16, 2014
7
8
17
48
59
9

Aug 13, 2014
8
37
39
40
52
24

Aug 9, 2014
3
12
31
34
51
24

Aug 6, 2014
1
8
24
28
49
24

Aug 2, 2014
12
26
44
46
47
29

Jul 30, 2014
13
30
42
49
53
29

Jul 26, 2014
24
28
30
38
39
16

Jul 23, 2014
4
10
12
22
31
3

Jul 19, 2014
10
17
25
45
53
9

Jul 16, 2014
5
15
18
26
32
35

Jul 12, 2014
2
3
7
23
51
26

Jul 9, 2014
9
25
42
55
57
14

Jul 5, 2014
24
34
36
57
58
11

Jul 2, 2014
8
18
45
53
58
35

Jun 28, 2014
8
12
34
43
56
9

Jun 25, 2014
10
20
25
50
53
35

Jun 21, 2014
5
6
37
41
54
26

Jun 18, 2014
6
9
29
52
59
7

Jun 14, 2014
9
33
42
45
54
30

Jun 11, 2014
14
18
25
33
49
23

Jun 7, 2014
28
30
35
58
59
15

Jun 4, 2014
1
7
10
22
49
24

May 31, 2014
15
27
31
34
48
1

May 28, 2014
2
24
28
32
59
25

May 24, 2014
15
16
28
49
55
18

May 21, 2014
4
20
34
39
58
31

May 17, 2014
23
32
39
47
49
22

May 14, 2014
7
33
39
52
55
33

May 10, 2014
4
31
41
47
55
1

May 7, 2014
17
29
31
48
49
34

May 3, 2014
5
15
16
46
49
26

Apr 30, 2014
2
9
11
19
50
32

Apr 26, 2014
3
7
22
30
33
20

Apr 23, 2014
19
25
29
36
48
12

Apr 19, 2014
5
6
29
35
51
21

Apr 16, 2014
34
39
42
44
59
8

Apr 12, 2014
14
26
45
54
55
20

Apr 9, 2014
9
14
44
48
49
29

Apr 5, 2014
11
21
26
33
34
29

Apr 2, 2014
8
13
19
22
53
24

Mar 29, 2014
2
3
12
27
38
17

Mar 26, 2014
28
33
41
44
59
21

Mar 22, 2014
13
28
31
55
58
15

Mar 19, 2014
2
19
23
34
43
14

Mar 15, 2014
2
5
34
51
58
9

Mar 12, 2014
14
15
28
37
54
10

Mar 8, 2014
10
14
24
32
41
30

Mar 5, 2014
3
7
9
26
54
19

Mar 1, 2014
3
8
25
30
47
13

Feb 26, 2014
11
12
17
38
42
2

Feb 22, 2014
2
3
13
14
54
4

Feb 19, 2014
1
17
35
49
54
34

Feb 15, 2014
2
9
14
21
23
3

Feb 12, 2014
36
44
49
52
57
1

Feb 8, 2014
24
25
34
37
54
29

Feb 5, 2014
8
17
32
57
59
24

Feb 1, 2014
5
12
15
27
38
7

Jan 29, 2014
11
23
28
32
47
20

Jan 25, 2014
8
12
18
55
57
2

Jan 22, 2014
1
2
7
9
55
29

Jan 18, 2014
13
14
19
31
38
25

Dec 28, 2013
8
35
44
51
56
18

Dec 25, 2013
23
28
38
39
56
32

Dec 21, 2013
25
36
40
45
51
8

Dec 18, 2013
7
24
37
39
40
1

Dec 14, 2013
14
25
32
33
41
34

Dec 11, 2013
1
10
13
18
19
27

Dec 7, 2013
13
20
32
45
48
17

Dec 4, 2013
6
9
11
31
44
25

Nov 30, 2013
5
26
44
45
57
29

Nov 27, 2013
18
25
50
55
57
17

Nov 23, 2013
5
12
43
52
55
10

Nov 20, 2013
4
18
23
32
45
7

Nov 16, 2013
10
29
37
44
59
10

Nov 13, 2013
5
31
50
55
56
9

Nov 9, 2013
3
9
37
49
56
32

Nov 6, 2013
1
5
10
15
49
22

Nov 2, 2013
13
23
24
27
40
17

Oct 30, 2013
2
36
40
49
54
10

Oct 26, 2013
4
6
34
49
56
29

Oct 23, 2013
3
23
31
34
47
13

Oct 19, 2013
9
33
54
56
57
5

Oct 16, 2013
3
26
28
34
42
28

Oct 12, 2013
8
10
26
57
58
4

Oct 9, 2013
3
9
19
33
38
18

Oct 5, 2013
11
12
17
39
40
5

Oct 2, 2013
4
6
25
42
51
17

Sep 28, 2013
14
47
52
53
54
5

Sep 25, 2013
2
7
17
49
53
23

Sep 21, 2013
12
17
45
54
58
13

Sep 18, 2013
7
10
22
32
35
19

Sep 14, 2013
1
17
25
37
44
20

Sep 11, 2013
11
19
33
42
52
33

Sep 7, 2013
2
19
22
26
45
24

Sep 4, 2013
2
9
26
45
47
11

Aug 31, 2013
2
7
25
40
56
20

Aug 28, 2013
6
7
9
19
32
13

Aug 24, 2013
12
17
25
45
59
19

Aug 21, 2013
30
40
42
46
48
23

Aug 17, 2013
18
21
46
54
56
23

Aug 14, 2013
4
11
17
43
51
20

Aug 10, 2013
4
12
14
37
58
13

Aug 7, 2013
5
25
30
58
59
32

Aug 3, 2013
21
24
36
42
45
15

Jul 31, 2013
8
24
39
49
59
5

Jul 27, 2013
9
23
40
53
58
6

Jul 24, 2013
9
29
40
44
54
7

Jul 20, 2013
14
25
27
38
58
6

Jul 17, 2013
1
22
34
38
42
17

Jul 13, 2013
2
8
22
35
37
6

Jul 10, 2013
30
31
45
55
59
27

Jul 6, 2013
2
13
35
36
52
11

Jul 3, 2013
3
6
29
40
51
4

Jun 29, 2013
8
28
30
53
56
16

Jun 26, 2013
1
18
33
39
46
33

Jun 22, 2013
13
19
23
33
57
28

Jun 19, 2013
7
46
47
52
57
17

Jun 15, 2013
28
36
40
48
55
1

Jun 12, 2013
16
22
23
42
55
32

Jun 8, 2013
2
11
22
26
32
19

Jun 5, 2013
4
26
33
36
55
32

Jun 1, 2013
22
28
33
53
59
14

May 29, 2013
9
14
17
49
57
2

May 25, 2013
2
6
19
21
27
25

May 22, 2013
9
31
35
41
57
26

May 18, 2013
10
13
14
22
52
11

May 15, 2013
2
11
26
34
41
32

May 11, 2013
6
13
19
23
43
16

May 8, 2013
21
22
26
30
57
27

May 4, 2013
7
12
26
36
40
17

May 1, 2013
22
26
31
54
55
18

Apr 27, 2013
3
23
48
54
55
5

Apr 24, 2013
9
19
31
56
59
2

Apr 20, 2013
6
8
30
39
48
20

Apr 17, 2013
13
18
36
48
58
28

Apr 13, 2013
10
12
31
56
57
33

Apr 10, 2013
1
36
40
52
53
20

Apr 6, 2013
4
7
8
29
39
24

Apr 3, 2013
1
6
8
12
35
3

Mar 30, 2013
11
23
26
46
55
27

Mar 27, 2013
7
37
43
48
52
16

Mar 23, 2013
17
29
31
52
53
31

Mar 20, 2013
13
14
17
43
54
15

Mar 16, 2013
3
7
21
44
53
16

Mar 13, 2013
5
9
28
32
38
29

Mar 9, 2013
10
37
40
46
52
12

Mar 6, 2013
6
10
23
41
45
1

Mar 2, 2013
3
8
13
41
56
16

Feb 27, 2013
3
14
20
34
48
21

Feb 23, 2013
2
5
31
39
41
29

Feb 20, 2013
3
17
19
25
32
17

Feb 16, 2013
15
16
46
50
58
29

Feb 13, 2013
12
23
25
27
43
29

Feb 9, 2013
5
6
16
36
58
3

Feb 6, 2013
5
27
36
38
41
12

Feb 2, 2013
11
16
33
40
41
34

Jan 30, 2013
14
16
32
47
52
16

Jan 26, 2013
3
22
26
41
49
18

Jan 23, 2013
11
12
24
43
45
9

Jan 19, 2013
8
28
29
34
38
35

Jan 16, 2013
9
21
28
32
51
35

Dec 29, 2012
36
46
50
52
55
14

Dec 26, 2012
11
13
23
43
54
4

Dec 22, 2012
1
18
35
39
44
11

Dec 19, 2012
5
8
20
23
30
3

Dec 15, 2012
15
23
40
44
55
14

Dec 12, 2012
8
10
25
36
44
28

Dec 8, 2012
7
23
26
40
53
21

Dec 5, 2012
13
17
19
27
38
12

Dec 1, 2012
3
10
19
36
46
3

Nov 28, 2012
5
16
22
23
29
6

Nov 24, 2012
22
32
37
44
50
34

Nov 21, 2012
8
18
24
30
39
26

Nov 17, 2012
3
15
27
58
59
20

Nov 14, 2012
8
10
30
44
58
13

Nov 10, 2012
32
42
50
54
55
32

Nov 7, 2012
32
34
45
52
58
20

Nov 3, 2012
4
7
9
30
54
25

Oct 31, 2012
1
27
31
45
48
5

Oct 27, 2012
22
32
34
36
56
33

Oct 24, 2012
3
18
21
23
50
4

Oct 20, 2012
4
21
28
31
44
10

Oct 17, 2012
1
7
10
23
42
35

Oct 13, 2012
2
5
25
26
49
18

Oct 10, 2012
18
26
29
35
43
28

Oct 6, 2012
15
26
34
36
59
35

Oct 3, 2012
17
23
36
55
59
10

Sep 29, 2012
14
18
28
29
57
8

Sep 26, 2012
13
26
39
41
42
10

Sep 22, 2012
2
16
18
40
42
33

Sep 19, 2012
1
5
8
39
50
23

Sep 15, 2012
3
20
26
43
48
1

Sep 12, 2012
24
33
36
48
56
6

Sep 8, 2012
6
20
34
44
48
29

Sep 5, 2012
4
19
26
42
51
29

Sep 1, 2012
8
11
21
44
49
22

Aug 29, 2012
25
28
49
54
56
28

Aug 25, 2012
1
6
7
20
49
23

Aug 22, 2012
22
29
31
47
55
19

Aug 18, 2012
14
26
41
55
59
1

Aug 15, 2012
6
27
46
51
56
21

Aug 11, 2012
4
13
39
46
51
1

Aug 8, 2012
3
7
11
15
28
12

Aug 4, 2012
19
30
48
53
55
18

Aug 1, 2012
3
16
48
56
58
4

Jul 28, 2012
5
6
13
36
50
13

Jul 25, 2012
3
14
35
38
46
16

Jul 21, 2012
9
31
38
54
56
20

Jul 18, 2012
2
5
20
23
57
3

Jul 14, 2012
4
16
32
37
46
13

Jul 11, 2012
5
22
36
49
55
23

Jul 7, 2012
3
5
29
39
59
29

Jul 4, 2012
14
19
35
39
56
33

Jun 30, 2012
7
15
20
41
44
22

Jun 27, 2012
6
34
40
46
58
6

Jun 23, 2012
1
3
41
44
53
30

Jun 20, 2012
11
17
29
56
57
14

Jun 16, 2012
8
14
15
16
27
26

Jun 13, 2012
7
10
14
33
57
18

Jun 9, 2012
18
22
45
56
57
27

Jun 6, 2012
19
30
33
48
59
27

Jun 2, 2012
9
10
17
29
45
33

May 30, 2012
9
10
24
52
56
14

May 26, 2012
13
14
41
49
59
14

May 23, 2012
4
7
26
53
59
32

May 19, 2012
8
13
35
46
51
30

May 16, 2012
3
7
21
28
43
2

May 12, 2012
10
24
35
53
58
22

May 9, 2012
1
7
11
55
56
1

May 5, 2012
9
12
20
44
59
23

May 2, 2012
7
8
33
38
50
29

Apr 28, 2012
31
39
40
57
58
33

Apr 25, 2012
4
25
29
34
43
29

Apr 21, 2012
6
8
20
42
51
16

Apr 18, 2012
20
22
39
46
49
29

Apr 14, 2012
14
15
16
19
24
2

Apr 11, 2012
16
23
42
44
47
2

Apr 7, 2012
5
13
17
20
30
18

Apr 4, 2012
1
24
33
45
49
6

Mar 31, 2012
5
14
36
54
58
27

Mar 28, 2012
11
16
29
50
58
33

Mar 24, 2012
1
15
35
37
47
8

Mar 21, 2012
32
43
53
55
56
6

Mar 17, 2012
11
14
49
55
58
30

Mar 14, 2012
1
8
41
46
59
24

Mar 10, 2012
5
14
17
20
41
5

Mar 7, 2012
12
35
45
46
47
12

Mar 3, 2012
29
30
45
47
49
35

Feb 29, 2012
1
4
11
23
26
14

Feb 25, 2012
6
11
42
53
54
7

Feb 22, 2012
7
16
17
39
51
32

Feb 18, 2012
23
28
50
56
59
5

Feb 15, 2012
11
12
32
52
56
11

Feb 11, 2012
1
10
37
52
57
11

Feb 8, 2012
17
28
38
39
51
33

Feb 4, 2012
15
23
43
45
56
7

Feb 1, 2012
8
13
17
34
59
35

Jan 28, 2012
5
33
41
54
59
13

Jan 25, 2012
4
19
28
29
47
5

Jan 21, 2012
12
24
43
44
45
7

Jan 18, 2012
6
29
34
44
50
28

Dec 31, 2011
5
23
25
28
40
34

Dec 28, 2011
16
21
27
41
45
14

Dec 24, 2011
14
16
30
51
52
19

Dec 21, 2011
10
13
15
31
54
18

Dec 17, 2011
13
28
49
51
59
33

Dec 14, 2011
2
24
46
52
56
19

Dec 10, 2011
4
19
33
41
59
9

Dec 7, 2011
3
14
20
39
40
37

Dec 3, 2011
5
18
33
43
45
8

Nov 30, 2011
2
6
34
35
47
22

Nov 26, 2011
20
37
39
45
55
28

Nov 23, 2011
4
30
35
57
59
25

Nov 19, 2011
9
16
17
28
30
11

Nov 16, 2011
13
22
25
39
51
28

Nov 12, 2011
4
35
36
51
56
8

Nov 9, 2011
5
35
57
58
59
12

Nov 5, 2011
2
33
39
40
43
26

Nov 2, 2011
12
14
34
39
46
36

Oct 29, 2011
11
16
40
51
56
38

Oct 26, 2011
1
18
21
39
55
6

Oct 22, 2011
3
8
23
30
58
13

Oct 19, 2011
16
26
35
52
58
2

Oct 15, 2011
5
10
24
38
43
1

Oct 12, 2011
10
12
23
43
47
18

Oct 8, 2011
3
27
35
37
45
31

Oct 5, 2011
7
20
43
46
54
17

Oct 1, 2011
1
12
23
27
43
31

Sep 28, 2011
30
41
50
51
53
8

Sep 24, 2011
3
4
12
27
44
26

Sep 21, 2011
12
47
48
52
55
13

Sep 17, 2011
6
20
22
32
43
11

Sep 14, 2011
16
41
42
50
59
5

Sep 10, 2011
4
19
22
32
53
24

Sep 7, 2011
3
5
18
27
54
13

Sep 3, 2011
15
25
52
53
54
2

Aug 31, 2011
13
19
35
47
57
29

Aug 27, 2011
2
12
25
54
58
14

Aug 24, 2011
9
13
47
49
53
39

Aug 20, 2011
2
17
23
28
47
36

Aug 17, 2011
18
28
31
48
52
37

Aug 13, 2011
9
12
35
50
58
4

Aug 10, 2011
11
18
36
41
46
38

Aug 6, 2011
25
30
54
57
59
6

Aug 3, 2011
13
19
21
28
49
11

Jul 30, 2011
20
40
41
47
55
19

Jul 27, 2011
38
40
41
51
59
33

Jul 23, 2011
1
7
27
38
48
30

Jul 20, 2011
1
4
38
40
42
17

Jul 16, 2011
24
28
48
50
54
25

Jul 13, 2011
8
18
19
32
54
8

Jul 9, 2011
1
9
11
23
31
6

Jul 6, 2011
11
15
24
50
55
8

Jul 2, 2011
1
11
18
29
51
32

Jun 29, 2011
24
30
45
57
59
26

Jun 25, 2011
18
36
39
41
57
12

Jun 22, 2011
12
15
19
46
59
12

Jun 18, 2011
12
21
22
38
41
18

Jun 15, 2011
19
20
38
41
43
29

Jun 11, 2011
16
18
27
36
50
8

Jun 8, 2011
14
37
44
45
53
29

Jun 4, 2011
17
19
39
41
58
21

Jun 1, 2011
8
18
38
46
56
31

May 28, 2011
12
20
43
51
55
11

May 25, 2011
4
23
31
42
50
23

May 21, 2011
2
8
40
49
50
36

May 18, 2011
7
12
13
42
49
16

May 14, 2011
8
17
18
40
44
16

May 11, 2011
9
17
32
43
45
31

May 7, 2011
2
11
27
47
55
15

May 4, 2011
3
15
27
29
41
24

Apr 30, 2011
6
13
15
32
41
3

Apr 27, 2011
4
24
40
44
55
5

Apr 23, 2011
3
11
47
48
58
19

Apr 20, 2011
9
24
34
36
43
27

Apr 16, 2011
21
33
44
45
55
7

Apr 13, 2011
4
23
39
49
50
39

Apr 9, 2011
5
14
32
53
56
11

Apr 6, 2011
10
18
41
55
56
15

Apr 2, 2011
6
22
34
43
45
23

Mar 30, 2011
19
20
42
56
58
37

Mar 26, 2011
4
10
11
19
33
27

Mar 23, 2011
5
15
26
28
32
9

Mar 19, 2011
3
11
20
27
46
8

Mar 16, 2011
28
39
40
48
53
9

Mar 12, 2011
1
4
12
41
47
3

Mar 9, 2011
12
20
28
40
48
8

Mar 5, 2011
2
23
31
42
48
21

Mar 2, 2011
7
31
50
51
58
6

Feb 26, 2011
4
13
17
21
45
10

Feb 23, 2011
29
32
36
39
49
29

Feb 19, 2011
3
12
34
37
42
36

Feb 16, 2011
9
13
21
23
48
24

Feb 12, 2011
11
32
36
48
52
19

Feb 9, 2011
7
11
39
42
51
30

Feb 5, 2011
15
37
41
56
59
5

Feb 2, 2011
3
14
33
53
57
36

Jan 29, 2011
24
28
45
49
52
2

Jan 26, 2011
4
5
36
47
58
6

Jan 22, 2011
30
31
34
45
51
23

Jan 19, 2011
22
36
51
56
59
32
